       Step     Time          Energy          fmax
LBFGS:    0 16:39:28    -1275.118530        0.028105
LBFGS:    1 16:39:29    -1275.118530        0.027938
LBFGS:    2 16:39:38    -1275.121216        0.000130
