       Step     Time          Energy          fmax
LBFGS:    0 16:51:50    -1275.118530        0.028105
LBFGS:    1 16:51:51    -1275.118530        0.027938
LBFGS:    2 16:52:08    -1275.121216        0.000124
