       Step     Time          Energy          fmax
LBFGS:    0 20:27:54     -112.005379        0.091149
LBFGS:    1 20:27:55     -112.005737        0.090533
LBFGS:    2 20:28:05     -112.031372        0.001701
